1.000000000000000000e+00 0.000000000000000000e+00 0.000000000000000000e+00 0.000000000000000000e+00 0.000000000000000000e+00 1.000000000000000000e+00 0.000000000000000000e+00 0.000000000000000000e+00 0.000000000000000000e+00 0.000000000000000000e+00 1.000000000000000000e+00 0.000000000000000000e+00
9.999998309074914493e-01 -5.798727273520156876e-04 -4.396144487326137258e-05 8.596128259502133773e-02 5.798672379341806822e-04 9.999998240920791037e-01 -1.247789932947862969e-04 -1.320825753507574862e-02 4.403379307525308973e-05 1.247534803939790620e-04 9.999999912487970155e-01 9.020474255097758569e-04
9.999944303361217868e-01 -3.337543655874772135e-03 9.953917182691052220e-06 2.588506172984747500e-01 3.337543603425867540e-03 9.999944303718920624e-01 5.281136661974175171e-06 2.040041935781232441e-02 -9.971487767236108252e-06 -5.247885615195951112e-06 9.999999999365145609e-01 7.712325329122297034e-05
9.999940277901384622e-01 -3.456056457707088261e-03 -7.603744657619218604e-06 4.445119232688567457e-01 3.456056229149912472e-03 9.999940273737537577e-01 -2.986906739846325982e-05 1.588921131985210344e-02 7.706928426562453859e-06 2.984261004503555788e-05 9.999999995250109519e-01 2.425769406492088182e-03
9.999937460452390514e-01 -3.533319612301676418e-03 -1.533718592692212253e-04 6.279360844250145846e-01 3.533319665425347679e-03 9.999937578065856147e-01 7.541633007905760617e-08 1.778019182702385639e-02 1.533706354224132038e-04 -6.173276649075291846e-07 9.999999882385335326e-01 7.492161708413779680e-03
9.999897254468417263e-01 -4.529722915257117406e-03 -1.749601698352574216e-04 8.249948585156451353e-01 4.529747863990699931e-03 9.999897304913346607e-01 1.424645798729227064e-04 3.919792538864962789e-02 1.743130480082143434e-04 -1.432556415686183368e-04 9.999999745463908907e-01 4.158268589972966001e-03
9.999913588946994780e-01 -4.136166892892628039e-03 -4.174438484181648050e-04 1.056912041684798353e+00 4.136168135488105940e-03 9.999914460177589115e-01 2.113408137728265946e-06 2.908718064112936902e-02 4.174315362021283884e-04 -3.840007819728744970e-06 9.999999128680796545e-01 7.523403263461095510e-03
9.999906710384889319e-01 -4.291859310528745378e-03 -4.876265490365287074e-04 1.309965918339715429e+00 4.291845674944198483e-03 9.999907895672569547e-01 -2.900614448931660219e-05 4.365328892255564142e-02 4.877465480762840661e-04 2.691305599664068547e-05 9.999998806894889736e-01 4.721967306219234523e-03
9.999876292611202810e-01 -4.940174724894530120e-03 -5.796536998473504967e-04 1.528168727212378064e+00 4.940117854505991085e-03 9.999877925929796518e-01 -9.950177657567401399e-05 5.849352614769030151e-02 5.801381799404269329e-04 9.663698807313157485e-05 9.999998270504774078e-01 1.054950189040097276e-02
9.999876663989528680e-01 -4.918583625081015404e-03 -6.889013714423858651e-04 1.765769128304873092e+00 4.918491193947710852e-03 9.999878949278595552e-01 -1.358017790534714830e-04 6.346579772660870811e-02 6.895609846482962527e-04 1.324117487995692555e-04 9.999997534863582782e-01 1.510474197554261509e-02
9.999876544255866806e-01 -4.900799688156829217e-03 -8.204625707025566027e-04 2.007748452682383000e+00 4.900686377962953921e-03 9.999879817560641815e-01 -1.400587670916706535e-04 6.687017830935429452e-02 8.211391101453281065e-04 1.360362082418688136e-04 9.999996536122959245e-01 2.488140545452350097e-02
9.999839263976664228e-01 -5.603693806858153943e-03 -8.634593363546189766e-04 2.264056277932984251e+00 5.603603082858936262e-03 9.999842939197404190e-01 -1.074538408702129124e-04 8.970873253989289364e-02 8.640479132155889268e-04 1.026136303007854704e-04 9.999996214457516075e-01 3.437386483752533084e-02
9.999837836670057989e-01 -5.625194787310100822e-03 -8.885868690213286590e-04 2.497753872693859289e+00 5.625294181371864877e-03 9.999841719236084447e-01 1.093966547655202121e-04 8.771544328586843020e-02 8.879574269083491487e-04 -1.143934432968872088e-04 9.999995992227938002e-01 3.568390655931157063e-02
9.999822365826191994e-01 -5.897246721438576499e-03 -8.654480510310041822e-04 2.758202685906272489e+00 5.897229694147643371e-03 9.999826109427997212e-01 -2.222511541147174582e-05 9.484129120914563948e-02 8.655640686943347076e-04 1.712097467218811128e-05 9.999996252527874052e-01 4.395253369409366645e-02
9.999771280229573511e-01 -6.740202672773657790e-03 -5.595523995184635037e-04 3.003564560668523509e+00 6.740259312689307787e-03 9.999772792539410871e-01 9.939961431802952585e-05 1.000974844590045154e-01 5.588697125243882648e-04 -1.031688691241247597e-04 9.999998385104014176e-01 4.190449238721608016e-02
9.999749956840503495e-01 -7.056671700121019790e-03 -4.597729877011567587e-04 3.261579205191069697e+00 7.056642217166747381e-03 9.999750994310105945e-01 -6.571574694034142334e-05 1.115572178883797311e-01 4.602252735438432628e-04 6.246965028771718942e-05 9.999998921451144218e-01 5.453757938380210391e-02
9.999720971160777072e-01 -7.463745512653572299e-03 -3.122374032274700625e-04 3.497005682983747032e+00 7.463729375838965528e-03 9.999721445892494343e-01 -5.281459506498269445e-05 1.143075295601672925e-01 3.126229004232703172e-04 5.048266590676265587e-05 9.999999498592100355e-01 5.842685464684707619e-02
9.999682085017884692e-01 -7.963996771884957956e-03 -3.959054699095201479e-04 3.711541645641002862e+00 7.963972788314522752e-03 9.999682851364318781e-01 -6.211868207131543364e-05 1.269434998149170102e-01 3.963876268050457990e-04 5.896372683624117531e-05 9.999999197000608575e-01 6.608224245456831292e-02
9.999670369982415208e-01 -8.107764962092580893e-03 -4.348152215622168326e-04 3.960667044904227385e+00 8.107750319808237557e-03 9.999671310246591727e-01 -3.542687794859985650e-05 1.449208239945931065e-01 4.350881624311695134e-04 3.190033692068119009e-05 9.999999048403251933e-01 7.124518987964043037e-02
9.999638827411454489e-01 -8.485580152949812049e-03 -4.776428797958112552e-04 4.192251786315603468e+00 8.485653137578881566e-03 9.999639847989280073e-01 1.509830390484947311e-04 1.587301186151497678e-01 4.763444987118728153e-04 -1.550306977565723133e-04 9.999998745306928338e-01 7.522659821565792770e-02
9.999602411181157668e-01 -8.913287696016253953e-03 -2.636009255035342809e-04 4.426041731621400466e+00 8.913402792931724578e-03 9.999601785903919904e-01 4.387301247755149214e-04 1.684262220792487885e-01 2.596799007200734696e-04 -4.410622625819074841e-04 9.999998690152062109e-01 8.486312735291695608e-02
9.999593721924370238e-01 -9.004164893531538955e-03 -4.230591888705424589e-04 4.651517352633786295e+00 9.004407471978181227e-03 9.999592941655776057e-01 5.750286586844743659e-04 1.812640766670007286e-01 4.178643150319481694e-04 -5.788146938521410850e-04 9.999997451814497396e-01 8.962763469344933731e-02
9.999539182597503295e-01 -9.595997405181395587e-03 -2.796261296842747620e-04 4.896706955339242384e+00 9.596181908338790104e-03 9.999537337158435069e-01 6.661235065108953111e-04 1.880639542906270278e-01 2.732210729822923340e-04 -6.687761535872690372e-04 9.999997390443168266e-01 9.372627442862091485e-02
9.999484970152465735e-01 -1.014684302485471812e-02 -2.118810479031239314e-04 5.129268906960989582e+00 1.014697153926464451e-02 9.999483293196770317e-01 6.145399645687578665e-04 2.074388951685866012e-01 2.056344593122522981e-04 -6.166582648891149460e-04 9.999997887235044791e-01 9.736905950836591273e-02
9.999435130397390514e-01 -1.062570868659815440e-02 -2.550385320321296354e-04 5.363341221126412428e+00 1.062581778127101237e-02 9.999434518273395689e-01 4.302837484274906095e-04 2.027327350780918080e-01 2.504520403058171896e-04 -4.329694359750685005e-04 9.999998749056137060e-01 1.072196909088720534e-01
9.999414756112156022e-01 -1.081641076429662278e-02 -2.249680925908127888e-04 5.590548154592047680e+00 1.081658186628759767e-02 9.999411996792680890e-01 7.737833779842702951e-04 2.169439782919966586e-01 2.165853055359511544e-04 -7.761714785758334553e-04 9.999996753242679226e-01 1.141607728457105786e-01
9.999359921223752723e-01 -1.131411990247166433e-02 4.846724229119566725e-05 5.828669354026299487e+00 1.131404874881268563e-02 9.999351776067704201e-01 1.277844053834856913e-03 2.377571289071544747e-01 -6.292178137030514482e-05 -1.277213901007032571e-03 9.999991823824160297e-01 1.183750394296841923e-01
9.999296958834565929e-01 -1.185748202628065552e-02 5.839875417792133883e-05 6.062923660736180942e+00 1.185741502449015779e-02 9.999291593226148356e-01 1.038289605873284234e-03 2.506813522932655469e-01 -7.070611751033342425e-05 -1.037524151574626286e-03 9.999994592719937403e-01 1.247713914093972892e-01
9.999208699678902024e-01 -1.257913304695683528e-02 1.386161773297289333e-04 6.293805771732197130e+00 1.257897900679316207e-02 9.999203184647520448e-01 1.061135474602001956e-03 2.522354556048279628e-01 -1.519532964957733543e-04 -1.059307856933191074e-03 9.999994273883660023e-01 1.245239826983155218e-01
9.999128478839365286e-01 -1.319837056967035002e-02 3.156753733486488333e-04 6.535080022086139806e+00 1.319800394344815275e-02 9.999122565900361304e-01 1.136579487104210241e-03 2.631049587385039246e-01 -3.306486721676368812e-04 -1.132314146974529919e-03 9.999993042678220201e-01 1.337522151723105068e-01
9.999053180882756520e-01 -1.374016494414482918e-02 7.501507128705367901e-04 6.776558301367893833e+00 1.373933023055989334e-02 9.999049984228043364e-01 1.106767323031752860e-03 2.804705993705334244e-01 -7.652866129429254779e-04 -1.096355963818956098e-03 9.999991061696008599e-01 1.377593043468745837e-01
9.998947919331646617e-01 -1.448681355326690741e-02 7.330061433968526824e-04 7.003501339914253165e+00 1.448601378621239104e-02 9.998944836629719557e-01 1.084870934476887296e-03 2.879785834624027374e-01 -7.486451222307074745e-04 -1.074138460204480082e-03 9.999991428781572766e-01 1.400828771512636628e-01
9.998834035611616766e-01 -1.524435451833805293e-02 8.882219690951563551e-04 7.218210527158036349e+00 1.524354888240968091e-02 9.998833991322090275e-01 9.068391748844076240e-04 2.978503594959309164e-01 -9.019425795158239785e-04 -8.931937856616847153e-04 9.999991943518977688e-01 1.453232823585600408e-01
9.998687905882576166e-01 -1.616696346401298376e-02 1.015332422593904615e-03 7.450506940071209172e+00 1.616628625418568485e-02 9.998690914445887978e-01 6.716863257144049977e-04 3.094349343928755047e-01 -1.026058635180302717e-03 -6.551840395599237577e-04 9.999992589685011701e-01 1.483375860569752513e-01
9.998599585609772022e-01 -1.669969536239783794e-02 1.087860856907530999e-03 7.680717637160141109e+00 1.669882985830728125e-02 9.998602448665452336e-01 7.998854764920608311e-04 3.136999001139034182e-01 -1.101066666550517409e-03 -7.816074560198682693e-04 9.999990883705747180e-01 1.587031511786939353e-01
9.998487070147197286e-01 -1.734906802819294325e-02 1.254160893304725804e-03 7.890507847830529720e+00 1.734794699019047426e-02 9.998491086353156199e-01 8.992754807977574542e-04 3.329982169694147287e-01 -1.269573242748447397e-03 -8.773823100314578731e-04 9.999988091913226684e-01 1.581249346848220827e-01
9.998413036303317458e-01 -1.777651950657091126e-02 1.167436949604101944e-03 8.125583680850363422e+00 1.777534545310220995e-02 9.998414974898479635e-01 1.008459856053153672e-03 3.430683004840816563e-01 -1.185178814219868017e-03 -9.875482220611131890e-04 9.999988100491357113e-01 1.645115405188385116e-01
9.998255421511945684e-01 -1.860667034868712655e-02 1.636178659281068825e-03 8.365105360105223653e+00 1.860471839219681595e-02 9.998261968419467349e-01 1.200234192059719150e-03 3.585635511135115139e-01 -1.658226648215824391e-03 -1.169584158589263454e-03 9.999979411765201887e-01 1.658043523217179460e-01
9.998153098799154037e-01 -1.912921825420955263e-02 1.849091320483349250e-03 8.590099088891635759e+00 1.912725770445771606e-02 9.998164823487657449e-01 1.072211008856598612e-03 3.620941218316751642e-01 -1.869262537990280370e-03 -1.036644935870655905e-03 9.999977156098113218e-01 1.703040683496959418e-01
9.998039400121278009e-01 -1.971368091047343354e-02 1.858042299207817664e-03 8.808235150232265553e+00 1.971230650799777814e-02 9.998054084353356075e-01 7.551394483778310065e-04 3.723411301933063910e-01 -1.872567317977833629e-03 -7.183650964399309084e-04 9.999979887195913353e-01 1.757398962511335927e-01
9.997913845836812197e-01 -2.033379272063977686e-02 1.929814975487235008e-03 9.026994683476603498e+00 2.033269548898362575e-02 9.997930973536097721e-01 5.864965708099995718e-04 3.857563718062942404e-01 -1.941341391363979926e-03 -5.471358783370481932e-04 9.999979659158976242e-01 1.840612934050340210e-01
9.997927803466907237e-01 -2.024555190942758584e-02 2.124616322185991172e-03 9.262622772127935278e+00 2.024403253019651031e-02 9.997947989812751013e-01 7.342185696380601609e-04 3.993078527212685080e-01 -2.139045008916752328e-03 -6.910556231800869505e-04 9.999974734610960203e-01 1.871354634761359936e-01
9.997980319318867659e-01 -1.999339597077703229e-02 2.039476080206739823e-03 9.479625441894187432e+00 1.999114794588968680e-02 9.997995333408755680e-01 1.116752064234477915e-03 4.196478068484860158e-01 -2.061394899471998866e-03 -1.075755047925986817e-03 9.999972966974187694e-01 1.955606803353452383e-01
9.998142183799821892e-01 -1.913581896704375993e-02 2.312824611972832435e-03 9.702381110377519491e+00 1.913254491183330117e-02 9.998159341277628176e-01 1.429541683785968270e-03 4.135741271551324760e-01 -2.339754350760068873e-03 -1.385025880454307783e-03 9.999963036196126698e-01 1.998635109411729949e-01
9.998397423094453895e-01 -1.773905935860807526e-02 2.411528903748796741e-03 9.929171553819534424e+00 1.773515629605760396e-02 9.998413904907743621e-01 1.630365796154368933e-03 4.242510727829331141e-01 -2.440067567967116671e-03 -1.587335675476672474e-03 9.999957632088833925e-01 2.016698592428993742e-01
9.998687697652989259e-01 -1.592154013875994936e-02 2.991288624917402481e-03 1.015923336676504185e+01 1.591720670780754146e-02 9.998722371338211179e-01 1.466949088695317961e-03 4.419515625031409378e-01 -3.014262538106294090e-03 -1.419143621256590323e-03 9.999944501109662154e-01 2.121708567117920330e-01
9.999033543547030112e-01 -1.347897329886797550e-02 3.405764087773952096e-03 1.040311472872524057e+01 1.347297036647527625e-02 9.999076521046105226e-01 1.779419048262619995e-03 4.569701525989386393e-01 -3.429434314467281943e-03 -1.733361316530662895e-03 9.999926171921615925e-01 2.169731361759221488e-01
9.999344077508375284e-01 -1.091354468820463809e-02 3.474872417850380108e-03 1.060619068304076507e+01 1.090768946925553366e-02 9.999390650911896827e-01 1.699533759527140434e-03 4.724892976562526381e-01 -3.493208614450183259e-03 -1.661519454006132358e-03 9.999925183953527474e-01 2.210375478357799461e-01
9.999606864807877304e-01 -8.103538723569544966e-03 3.599743466871418562e-03 1.082906062335543496e+01 8.097225687733172056e-03 9.999656594917673003e-01 1.764872051086280400e-03 4.629465483411568383e-01 -3.613921558859381922e-03 -1.735654732485792176e-03 9.999919635045153576e-01 2.222232382501533043e-01
9.999819915047113428e-01 -4.604841364475400524e-03 3.848649409796206511e-03 1.104978973676337795e+01 4.598117647637812826e-03 9.999878902221122079e-01 1.754059071805138311e-03 4.833100786921441516e-01 -3.856679967276267773e-03 -1.736330941069852592e-03 9.999910555472448781e-01 2.240181304306594623e-01
9.999886349252870010e-01 -7.959552969408613225e-04 4.700688824673220079e-03 1.127676826414399258e+01 7.851500621997961789e-04 9.999970466562141391e-01 2.300047440665157952e-03 4.856904722077665104e-01 -4.702505676866702497e-03 -2.296330554331077207e-03 9.999863065594170042e-01 2.325954059302744736e-01
9.999827449009649483e-01 3.156133088108167666e-03 4.954666917349879150e-03 1.149175411465689578e+01 -3.169240498903230611e-03 9.999914935196114740e-01 2.639849063274999925e-03 4.855304221998216208e-01 -4.946293055596700898e-03 -2.655506043471016469e-03 9.999842411121593333e-01 2.385162225610221176e-01
9.999533510851318363e-01 8.235204509162508471e-03 5.047480590099399055e-03 1.171470169118027194e+01 -8.248787332313002249e-03 9.999623972222965174e-01 2.676125741515352277e-03 4.910911795628895571e-01 -5.025252348035194432e-03 -2.717636497105167630e-03 9.999836805121912198e-01 2.435368072031938724e-01
9.998963642726934609e-01 1.342064534105877338e-02 5.210277620103029826e-03 1.191164363618400657e+01 -1.343574194074716177e-02 9.999056078783269408e-01 2.873355525367373917e-03 4.902503581612155936e-01 -5.171223525499236105e-03 -2.943061688621046758e-03 9.999822982608973509e-01 2.460168899589549318e-01
9.997952671886588538e-01 1.952900864696305652e-02 5.295425235535833330e-03 1.212506763919980202e+01 -1.954425004485299197e-02 9.998049539062049407e-01 2.841906894273692804e-03 4.870238877509685538e-01 -5.238892759216523184e-03 -2.944820177582795160e-03 9.999819408553232147e-01 2.479650183135814201e-01
9.996253735758512393e-01 2.692057411350391727e-02 4.939148989363591896e-03 1.233718831611933275e+01 -2.693410337007947492e-02 9.996335826555131643e-01 2.693418451185234513e-03 4.861310105711686980e-01 -4.864830828473073673e-03 -2.825440974901873015e-03 9.999841750269389262e-01 2.510464656500904224e-01
9.993530685107240297e-01 3.561793083730462744e-02 4.980708892215916957e-03 1.256049737697644275e+01 -3.563499114481297886e-02 9.993591578013039101e-01 3.379515464916740559e-03 4.739819655577940938e-01 -4.857145695685357624e-03 -3.554816667212996797e-03 9.999818855430099296e-01 2.554750910635292249e-01
9.989397565524069655e-01 4.577850124606967774e-02 4.867402046427593380e-03 1.277701150411777853e+01 -4.580270751076327695e-02 9.989380735419316482e-01 4.983694715542341842e-03 4.735384872667629530e-01 -4.634087148666949686e-03 -5.201350978145198069e-03 9.999757352977625136e-01 2.604733165202332557e-01
9.982902938480955335e-01 5.825079552342529027e-02 4.830530982330085744e-03 1.299550604582457147e+01 -5.827905361440990223e-02 9.982827110670907667e-01 5.931331583055766618e-03 4.606009574385423466e-01 -4.476730781707839897e-03 -6.202709523064514271e-03 9.999707422100311272e-01 2.708905211435790328e-01
9.974226831455889064e-01 7.156910321241628792e-02 5.084743063773289676e-03 1.318807987982677332e+01 -7.159878911433616155e-02 9.974159576027921137e-01 5.917847299989417373e-03 4.418758642020010341e-01 -4.648068847909329546e-03 -6.266656578725011278e-03 9.999695617724118080e-01 2.715453030461650319e-01
9.963280116328090408e-01 8.548060902421779350e-02 4.853732240443855289e-03 1.340146477381984980e+01 -8.550738683281015884e-02 9.963217606766260337e-01 5.606781541320607180e-03 4.101368634259512924e-01 -4.356607950834099144e-03 -6.001223464990012614e-03 9.999725022639802674e-01 2.666133572857610212e-01
9.950105978413261720e-01 9.965170051148601604e-02 4.842392860531577470e-03 1.359289923332005046e+01 -9.967875095460278223e-02 9.950032959050066905e-01 5.708567797973426380e-03 4.005991688878725587e-01 -4.249328367742631618e-03 -6.162769129448556274e-03 9.999719813500177468e-01 2.715628026950323015e-01
9.933943606140668292e-01 1.146329357032496860e-01 5.189831618074302461e-03 1.379685406895564981e+01 -1.146635094228121571e-01 9.933860530324997162e-01 6.035664615958793999e-03 3.605928773961797895e-01 -4.463620393134519471e-03 -6.590879498693203928e-03 9.999683176983257260e-01 2.747621897441246963e-01
9.914346160072945446e-01 1.305086489296554964e-01 4.989462598758150763e-03 1.398340713509841748e+01 -1.305369738285081793e-01 9.914261904541212811e-01 5.848704585110615049e-03 3.419022242458834016e-01 -4.183377363308645597e-03 -6.449917533151658562e-03 9.999704485221809769e-01 2.788789417373332413e-01
9.890973825838450528e-01 1.471754329251583615e-01 5.075402356369233293e-03 1.417675813469444890e+01 -1.472045407651499105e-01 9.890882527157757176e-01 5.937298861863588885e-03 2.981488805038998158e-01 -4.146196318089952378e-03 -6.619689036955010882e-03 9.999694939212625533e-01 2.852521137886559477e-01
9.862588568082668594e-01 1.651322937583556971e-01 4.979249477059313755e-03 1.439227725025791393e+01 -1.651601542323540284e-01 9.862495460257399982e-01 5.827213567972232972e-03 2.640741614383016467e-01 -3.948521393599585191e-03 -6.569514603518400442e-03 9.999706248968909250e-01 2.877269122321798878e-01
9.830956043446194004e-01 1.830194822398983623e-01 5.186698268372043341e-03 1.456599008864444755e+01 -1.830487480549602142e-01 9.830862756133732505e-01 5.876268896021530873e-03 2.189552666650798063e-01 -4.023500192531925465e-03 -6.726352746190108513e-03 9.999692833407106685e-01 2.961031457499226360e-01
9.796209673633051729e-01 2.007864953387608065e-01 5.248198906279153211e-03 1.473735815939390292e+01 -2.008163907047699759e-01 9.796106843717591328e-01 5.973632814530092233e-03 1.635793430020825723e-01 -3.941766925029123805e-03 -6.905820318502852578e-03 9.999683855598822113e-01 2.925588612825434365e-01
9.755110488577349859e-01 2.199011996563584592e-01 4.653594973359574845e-03 1.491682361232308374e+01 -2.199276028644315817e-01 9.754962881196406199e-01 6.232283939927925343e-03 1.034314308748027489e-01 -3.169077907935275752e-03 -7.103115830211247095e-03 9.999697508878536700e-01 2.951400526919537026e-01
9.708910631392877466e-01 2.394787299587423646e-01 4.525639580370349573e-03 1.510490265435608492e+01 -2.395024460717301018e-01 9.708788176692980665e-01 5.735828338086152930e-03 4.445201284899824579e-02 -3.020238719321107629e-03 -6.652766222686656503e-03 9.999733090736294683e-01 3.036095459934598506e-01
9.656575478095076326e-01 2.597772332138598150e-01 4.614050528598363614e-03 1.527820789782277089e+01 -2.598003786510564295e-01 9.656470486074502091e-01 5.435141993394063294e-03 -1.923804955179723997e-02 -3.043618125898283656e-03 -6.447217963782351548e-03 9.999745845616433426e-01 3.050511590509047966e-01
9.596653298766449902e-01 2.811129305674039403e-01 4.239681657391072486e-03 1.548050423113328122e+01 -2.811336315084426163e-01 9.596527601726065893e-01 5.519160078563267388e-03 -6.863541914960097357e-02 -2.517114940812971349e-03 -6.488463678218512470e-03 9.999757816924723652e-01 3.127110619960537519e-01
9.530708018834110895e-01 3.027158189137561517e-01 4.379449358750509003e-03 1.563915809324095996e+01 -3.027372247758499113e-01 9.530579061844740574e-01 5.549792273838381230e-03 -1.424200409166210823e-01 -2.493858923115475391e-03 -6.615167317628009754e-03 9.999750098022607281e-01 3.167600612325016107e-01
9.456590840921852426e-01 3.251312355929272813e-01 4.310025028444343549e-03 1.580958325334425396e+01 -3.251517895342627695e-01 9.456457570664925649e-01 5.515061632162661549e-03 -2.165250273006419646e-01 -2.282638078162590144e-03 -6.616780482719034941e-03 9.999755035896867872e-01 3.181017199551626207e-01
9.372957248038594757e-01 3.485175922511859481e-01 3.494589510044625660e-03 1.599764036824736557e+01 -3.485313919726453769e-01 9.372849311107442905e-01 4.777731923990540669e-03 -2.759490577865494343e-01 -1.610302461611696871e-03 -5.696121852924109982e-03 9.999824804074413098e-01 3.242339610485077683e-01
9.283050151594677279e-01 3.718041190266018758e-01 3.390561108859736598e-03 1.618681752240370031e+01 -3.718152032902513615e-01 9.282997323226089836e-01 3.614079689448888681e-03 -3.528056451195050736e-01 -1.803727254750463324e-03 -4.615630468860077405e-03 9.999877211862980841e-01 3.298373148461906657e-01
9.186191222021014013e-01 3.951293342087596749e-01 3.423093978108924466e-03 1.633307787968017166e+01 -3.951394258499974499e-01 9.186160553146469621e-01 3.062198081752842693e-03 -4.455769988811786320e-01 -1.934544797883401123e-03 -4.165593103009299428e-03 9.999894526296390085e-01 3.310637778488337291e-01
9.080929660442661477e-01 4.187562520989261405e-01 3.219681504109169617e-03 1.650018553951003497e+01 -4.187654818686945002e-01 9.080891101643976393e-01 3.104705479211646198e-03 -5.163273453721224371e-01 -1.623642881733596303e-03 -4.167652683843187794e-03 9.999899971774215413e-01 3.402768918005582011e-01
8.965755988120506226e-01 4.428793843832046773e-01 3.169621928010301487e-03 1.664923979972889612e+01 -4.428884620701412644e-01 8.965709395036246532e-01 3.218789016516901240e-03 -6.147185481978975075e-01 -1.416255611773060107e-03 -4.289676670973571054e-03 9.999897963949935242e-01 3.472858432458175160e-01
8.838732203895638406e-01 4.677124281398345462e-01 3.635222375811879465e-03 1.677421655610166695e+01 -4.677244629452492197e-01 8.838658170881379395e-01 3.878678344042523624e-03 -7.230043645933150742e-01 -1.398942729228527630e-03 -5.128542352217289879e-03 9.999858704064682469e-01 3.512368684150399267e-01
8.694185944118513198e-01 4.940630184105281320e-01 3.611305857844756585e-03 1.695088691260119873e+01 -4.940757885909761171e-01 8.694042365620607837e-01 5.038707785275237105e-03 -8.150677888365864820e-01 -6.502454350499080240e-04 -6.165005029883909027e-03 9.999807847623152224e-01 3.596600816102373255e-01
8.537858775393647459e-01 5.206088546468644607e-01 4.011954338827060026e-03 1.712299618636293275e+01 -5.206241015230840263e-01 8.537671262161847796e-01 5.677949087357181228e-03 -9.107477951463003318e-01 -4.692841552587016622e-04 -6.936472867176563147e-03 9.999758322662325449e-01 3.610722411564617484e-01
8.370570635791103609e-01 5.470996760153578053e-01 4.173345924771363832e-03 1.726310011988525162e+01 -5.471155560214521207e-01 8.370354660229409882e-01 6.016392531681373154e-03 -1.018557921934733157e+00 -2.016721461518431943e-04 -7.319366342009645324e-03 9.999731927430339784e-01 3.686030536996521834e-01
8.189907461730097094e-01 5.737902570042433537e-01 4.347257754171210062e-03 1.738866673471003566e+01 -5.738067054756107455e-01 8.189652359659976844e-01 6.465835629171168795e-03 -1.115833097096488480e+00 1.497805149594808385e-04 -7.789945196341211027e-03 9.999696466991562227e-01 3.753263501847466932e-01
8.001465704059119721e-01 5.997871322435146535e-01 4.567478818519753528e-03 1.751480855343959320e+01 -5.998045190902865365e-01 8.001224909115060013e-01 6.207931735860754141e-03 -1.263234432474440672e+00 6.889504355585794604e-05 -7.706849723960313564e-03 9.999702994193403471e-01 3.808559565328339391e-01
7.802313608398887546e-01 6.254778116166888058e-01 4.065800921500711297e-03 1.760968907490999769e+01 -6.254910037641288056e-01 7.802131178592309757e-01 5.338064304627680723e-03 -1.386655064052810360e+00 1.666495659686786576e-04 -6.708047076145090201e-03 9.999774869127536769e-01 3.730001086407596089e-01
7.581560712178525563e-01 6.520656094211182419e-01 3.132520674501655666e-03 1.773298924916994679e+01 -6.520726324323476986e-01 7.581407835388400684e-01 4.882045458828930366e-03 -1.517490861089763499e+00 8.085222687145888782e-04 -5.743983406943748045e-03 9.999831763316630040e-01 3.678105369442454808e-01
7.343154610600909349e-01 6.788076966606145790e-01 9.563484811010621858e-04 1.785889938982129621e+01 -6.788073360201857254e-01 7.343111539375599683e-01 2.780246044501626448e-03 -1.648104772752147618e+00 1.184995056894179574e-03 -2.690754020791869157e-03 9.999956778054166495e-01 3.742604020459606717e-01
7.102509429952693631e-01 7.039463408842300263e-01 -1.774015229429618630e-03 1.793200259557755061e+01 -7.039470879186214836e-01 7.102523681275452194e-01 2.664209202319386244e-04 -1.808349755606583731e+00 1.447544549728999779e-03 1.059587144851862782e-03 9.999983909436349627e-01 3.697504582403983164e-01
6.842124125824263770e-01 7.292699408733924749e-01 -4.327563593312676316e-03 1.803771638381136455e+01 -7.292817954695023364e-01 6.842091964666728865e-01 -2.416250651070506530e-03 -1.945666624769420316e+00 1.198859839397409472e-03 4.809242034712329396e-03 9.999877168876311062e-01 3.814619467504574701e-01
6.571161184896132657e-01 7.537736402684783732e-01 -4.868886684987607655e-03 1.812896048195271348e+01 -7.537892077415703218e-01 6.571064459331595886e-01 -3.598472652020367948e-03 -2.088586380519756869e+00 4.869429949035321455e-04 6.034728618446937379e-03 9.999816723005584551e-01 3.989092135009979501e-01
6.290109756249833151e-01 7.773898995294462599e-01 -3.183811066012278909e-03 1.821474956693372604e+01 -7.773962830356845322e-01 6.290031665186024412e-01 -3.167906544257161321e-03 -2.237741096867875701e+00 -4.600713080400592198e-04 4.467730874697792114e-03 9.999899138067457338e-01 4.172338418117022552e-01
5.990580984228135453e-01 8.007055491015523385e-01 -1.354696432483996817e-04 1.829790750367132901e+01 -8.007022668414830457e-01 5.990551403322699198e-01 -2.969632366989897500e-03 -2.387108606928938670e+00 -2.296647328893455624e-03 1.887453169221007089e-03 9.999955814560286260e-01 4.255220294185136365e-01
5.673661096718045638e-01 8.234634858389401346e-01 1.893432297006849034e-03 1.838536365042203258e+01 -8.234566252882783433e-01 5.673691556234232714e-01 -3.380460915866888467e-03 -2.530723289337291515e+00 -3.857961213104939106e-03 3.587995892278888436e-04 9.999924936708939338e-01 4.175212514428844890e-01
5.343131993623467801e-01 8.452842836741364385e-01 1.970979623209902394e-03 1.844753553319067407e+01 -8.452712081526964072e-01 5.343160920758085464e-01 -4.785229034955805830e-03 -2.691362935251445432e+00 -5.098005026863861901e-03 8.907987079938511996e-04 9.999866083215354085e-01 4.090210884681836911e-01
4.993207449205093740e-01 8.664163081943730971e-01 1.254825430417226377e-03 1.850142908317569379e+01 -8.663992179314589093e-01 4.993191836865323863e-01 -5.722584238923884327e-03 -2.843886921222325004e+00 -5.584698719204768576e-03 1.770225253495849582e-03 9.999828385741265091e-01 4.108102174190720879e-01
4.644549870436253114e-01 8.855966477742429621e-01 3.774404977370648256e-04 1.854635520177501107e+01 -8.855709323212248574e-01 4.644446690805880129e-01 -7.434594161081076527e-03 -3.009886985036755558e+00 -6.759351893684465221e-03 3.118784001282724674e-03 9.999722917902928998e-01 4.126031527275912936e-01
4.290722091986901576e-01 9.032701876449301670e-01 -8.605375297780467128e-05 1.858812561775139471e+01 -9.032407265892129500e-01 4.290574411866640014e-01 -8.118004246334992180e-03 -3.192423500009581083e+00 -7.295829215832180456e-03 3.560937270624703766e-03 9.999670447578800081e-01 4.193332221906080348e-01
3.930804871328671402e-01 9.195039968609477476e-01 -3.610985052509363760e-04 1.860029179992586990e+01 -9.194644963324007936e-01 3.930598970466941955e-01 -9.431718711191194870e-03 -3.349579263964983511e+00 -8.530569710910838876e-03 4.039441840752149709e-03 9.999554551528895274e-01 4.207036807165741576e-01
3.562394063384534126e-01 9.343915104674503924e-01 -2.447557554595625445e-03 1.863846446562886428e+01 -9.343511018142321989e-01 3.561962480653048102e-01 -1.059487624893910851e-02 -3.508602634881885063e+00 -9.027951603591070559e-03 6.061190523041618851e-03 9.999408772818954017e-01 4.046675288191129427e-01
3.197301699546685194e-01 9.474932790596632959e-01 -5.394863995149788705e-03 1.864241571833886724e+01 -9.474515913664631750e-01 3.196432596397686954e-01 -1.279330231099025557e-02 -3.682683663009093777e+00 -1.039713604391881777e-02 9.201777199584671232e-03 9.999036087835934117e-01 4.157846319179094863e-01
2.817610835448244311e-01 9.594522126320365052e-01 -7.883113289562334799e-03 1.864325403110903068e+01 -9.594278147303677562e-01 2.816455164388785848e-01 -1.319361177194734898e-02 -3.843742899022536630e+00 -1.043839649361799453e-02 1.128072450541034964e-02 9.998818855911307812e-01 4.190523303824915113e-01
2.435701820305419263e-01 9.698400727288636336e-01 -9.154220604814465242e-03 1.866059693401403408e+01 -9.698271374293201408e-01 2.434436861265570906e-01 -1.305738070079876141e-02 -4.003234070441655135e+00 -1.043503384085941142e-02 1.205840015869935090e-02 9.998728444429085815e-01 4.275853292933642913e-01
2.046775220660865813e-01 9.787691347642393236e-01 -1.086705083033066149e-02 1.867584566953956937e+01 -9.787805967657410289e-01 2.045437600324324645e-01 -1.226350792776793701e-02 -4.178554145703421874e+00 -9.780355606336412627e-03 1.314652291128803711e-02 9.998657477779486769e-01 4.186595460668117163e-01
1.656417434893231455e-01 9.861095942000387415e-01 -1.227522058670932684e-02 1.866764152152306266e+01 -9.861344894582165788e-01 1.654930520892424761e-01 -1.228081476002225621e-02 -4.322776380244867767e+00 -1.007876553948816242e-02 1.413923395458109057e-02 9.998492389097356492e-01 4.329694685044116476e-01
1.262701944788916508e-01 9.919088433127611903e-01 -1.314094913631579618e-02 1.863488450021097620e+01 -9.919515714639819404e-01 1.261282627412856350e-01 -1.112390255271311287e-02 -4.499637930522368379e+00 -9.376452228850423384e-03 1.443980248499203423e-02 9.998517761387407665e-01 4.306049940273927734e-01
8.663688033191974114e-02 9.961340221660058836e-01 -1.452793342937012608e-02 1.862239707691782087e+01 -9.961889749633824342e-01 8.647570697967188469e-02 -1.137885160160873911e-02 -4.666871229024562417e+00 -1.007854789928221487e-02 1.545839531586373251e-02 9.998297159449204274e-01 4.274589543527658742e-01
4.806088631259064492e-02 9.987219634467008333e-01 -1.563940331390268473e-02 1.859288847620860352e+01 -9.987706687754378532e-01 4.786119500473462463e-02 -1.290182958278989628e-02 -4.838818124055335623e+00 -1.213682004121426593e-02 1.624025067187826604e-02 9.997944548042870805e-01 4.332385676790044826e-01
8.927425301262004176e-03 9.998250379604057825e-01 -1.643759547391265147e-02 1.855233345548529300e+01 -9.998700588164813885e-01 8.704761768624891261e-03 -1.356807299795576884e-02 -4.996161449337423122e+00 -1.342261374758124161e-02 1.655658751147388863e-02 9.997728306221159711e-01 4.320772389714588324e-01
-3.031170197197785576e-02 9.994036411619590110e-01 -1.653973263933300117e-02 1.853477268681075785e+01 -9.994348552067161551e-01 -3.054492047051637904e-02 -1.403488622613871181e-02 -5.164967519541662888e+00 -1.453172121576887937e-02 1.610496400705224013e-02 9.997647019238270483e-01 4.408946783622100796e-01
-6.968797603006926522e-02 9.974248028490878548e-01 -1.695136154682757440e-02 1.847216876740578684e+01 -9.974574565768662415e-01 -6.992405556727510074e-02 -1.375677186822090933e-02 -5.312847914184342990e+00 -1.490665341524145121e-02 1.594958038580981258e-02 9.997616728848303103e-01 4.287041416606897637e-01
-1.097085880140642455e-01 9.937998918850688979e-01 -1.804994751200617378e-02 1.844104044494902794e+01 -9.938381740352498772e-01 -1.099653378579388274e-01 -1.390353552411340878e-02 -5.466620609966860833e+00 -1.580220067715993118e-02 1.641338962601045226e-02 9.997404118543691265e-01 4.314933344608772869e-01
-1.487141542933074767e-01 9.887024374422154205e-01 -1.875074688241766888e-02 1.836654149266794178e+01 -9.887324016119293235e-01 -1.489930398329279981e-01 -1.446762192104555922e-02 -5.629265010771874245e+00 -1.709790383447937559e-02 1.638793083844660922e-02 9.997195093661527254e-01 4.308017175140812505e-01
-1.877507724096554309e-01 9.820208872182798476e-01 -1.961184658823337743e-02 1.830661374078530557e+01 -9.820318364070690365e-01 -1.880653853179232726e-01 -1.564874206385040087e-02 -5.804953698132731432e+00 -1.905570105080449037e-02 1.632139431064915866e-02 9.996851966220259289e-01 4.376293097451908198e-01
-2.267600709400277026e-01 9.737444194347930626e-01 -2.004185238125118576e-02 1.824232281134639777e+01 -9.737280459186741233e-01 -2.271001745772125435e-01 -1.670937755874038824e-02 -5.948240480484214388e+00 -2.082217132468527562e-02 1.572629411520256801e-02 9.996595024580757771e-01 4.347174344828439452e-01
-2.652762945887445767e-01 9.639634927614094684e-01 -2.007167537825130244e-02 1.819152550060804074e+01 -9.639026919672001315e-01 -2.656370011729067837e-01 -1.812688683283386962e-02 -6.087234538811673090e+00 -2.280543680026408254e-02 1.453850855794452425e-02 9.996342050076416630e-01 4.355290815133959770e-01
-3.030549910443227635e-01 9.527632419477366499e-01 -1.999692967344297856e-02 1.809690875007494171e+01 -9.526667486758427783e-01 -3.034228711806432610e-01 -1.899018725273315250e-02 -6.232037077495907518e+00 -2.416067818842208142e-02 1.329533894769135277e-02 9.996196754724976374e-01 4.346578062515628615e-01
-3.405548028742364508e-01 9.400028743497385042e-01 -2.042112762606385079e-02 1.803311949167075312e+01 -9.398743206545444595e-01 -3.409404655755707836e-01 -1.989623852067957943e-02 -6.382685031557111088e+00 -2.566491015859515001e-02 1.241753386719769009e-02 9.995934759887182830e-01 4.281912801676743263e-01
-3.770534229526734116e-01 9.259306758810448290e-01 -2.197952916111122271e-02 1.792208062230835708e+01 -9.258115497217143108e-01 -3.774722821745324364e-01 -1.968884434973517186e-02 -6.505218958254430639e+00 -2.652716798963331360e-02 1.292515579875194373e-02 9.995645300359691232e-01 4.239216920449761505e-01
-4.128592027462694158e-01 9.104810412051040913e-01 -2.390716030364348904e-02 1.780438847938978597e+01 -9.103756750109510687e-01 -4.133232795027399487e-01 -1.949351095762195951e-02 -6.639891059553955088e+00 -2.762985805373839587e-02 1.371642180633498437e-02 9.995241121237451454e-01 4.162838576052632633e-01
-4.480632824073871312e-01 8.936295782053969017e-01 -2.579674232850708709e-02 1.772737792771695808e+01 -8.935191598243263922e-01 -4.485829725743066820e-01 -1.992053571642723314e-02 -6.770629153636889441e+00 -2.937355928635154712e-02 1.412422291115631584e-02 9.994687090359593018e-01 4.253979514148574226e-01
-4.819608010876297310e-01 8.757848493505926424e-01 -2.673357183262061246e-02 1.758975831252315203e+01 -8.756692694451018166e-01 -4.825031419849994396e-01 -1.985065550769616119e-02 -6.908199443705886900e+00 -3.028393574903931809e-02 1.384252948572523359e-02 9.994454800603106426e-01 4.251707135183982467e-01
-5.157124738603304781e-01 8.563401278551181495e-01 -2.687433217660395793e-02 1.748220371438048559e+01 -8.562095405378307156e-01 -5.162524783193449540e-01 -1.971297342187209450e-02 -7.023564232236740423e+00 -3.075495076983959450e-02 1.284383331465451666e-02 9.994444301455334134e-01 4.267520062636008249e-01
-5.490278787141034122e-01 8.353836487185256621e-01 -2.650561918563808933e-02 1.739899108228365776e+01 -8.352097671490018582e-01 -5.495572292136037262e-01 -2.028538089304715575e-02 -7.137173468844523860e+00 -3.151243014432901501e-02 1.100051238755962030e-02 9.994428225134291965e-01 4.289361047766762636e-01
-5.810912648179067386e-01 8.134403761857496029e-01 -2.544987903924533779e-02 1.725942569641830815e+01 -8.132145998554316524e-01 -5.815860320527435068e-01 -2.096907015382497644e-02 -7.257685562312537364e+00 -3.185838248084973262e-02 8.511269701527466452e-03 9.994561529921018872e-01 4.294039019575615068e-01
-6.124405704603406164e-01 7.901070755506042209e-01 -2.544320772004646930e-02 1.716021670267204868e+01 -7.898283786335643653e-01 -6.129330995506199198e-01 -2.200335838788378823e-02 -7.373427543014381413e+00 -3.297999331850104410e-02 6.620018137642429655e-03 9.994340875718462636e-01 4.143609990651639929e-01
-6.418177077392530627e-01 7.663984005222057583e-01 -2.652398366261415896e-02 1.700120912361255776e+01 -7.660991112460997510e-01 -6.423371594316806821e-01 -2.225141256583628227e-02 -7.478696810618605362e+00 -3.409078732247253218e-02 6.038649703669313890e-03 9.994004967626793912e-01 4.160753326702500421e-01
-6.716420078708322805e-01 7.403779452312082565e-01 -2.715716256259805700e-02 1.690151404562379156e+01 -7.400866455367769436e-01 -6.721671184733730708e-01 -2.152026815176582078e-02 -7.547264739333102490e+00 -3.418728362064347992e-02 5.644737231879418810e-03 9.993995029917839279e-01 4.135745575214120340e-01
-6.993413911965333796e-01 7.142361877079836940e-01 -2.807644435577551917e-02 1.675629170157836256e+01 -7.139754170873002792e-01 -6.998796573003975841e-01 -2.018834049874538433e-02 -7.645036037709752819e+00 -3.406937560790845865e-02 5.927348938901290734e-03 9.994018932242643150e-01 4.119559200858017300e-01
-7.259094300103536845e-01 6.871884393376087585e-01 -2.876713859223897427e-02 1.662544637787869561e+01 -6.869621145328795864e-01 -7.264528111265937671e-01 -1.869134566542317299e-02 -7.735605075326185798e+00 -3.374244535534225153e-02 6.193710278271061416e-03 9.994113694242379164e-01 4.041529244584214364e-01
-7.518708290319817689e-01 6.586229477169477375e-01 -3.010098322978346091e-02 1.649068362363525964e+01 -6.584773516291412276e-01 -7.524321646444702694e-01 -1.591901378571302511e-02 -7.817573950739244104e+00 -3.313357575380589809e-02 7.851773626145409218e-03 9.994200897563999542e-01 3.988902823275098930e-01
