1.000000000000000000e+00 0.000000000000000000e+00 0.000000000000000000e+00 0.000000000000000000e+00 0.000000000000000000e+00 1.000000000000000000e+00 0.000000000000000000e+00 0.000000000000000000e+00 0.000000000000000000e+00 0.000000000000000000e+00 1.000000000000000000e+00 0.000000000000000000e+00
9.999998309074914493e-01 -5.798727273520153623e-04 -4.396144487326142679e-05 8.596128259502128222e-02 5.798672379341803570e-04 9.999998240920791037e-01 -1.247789932947864324e-04 -1.320825753507580066e-02 4.403379307525314394e-05 1.247534803939791975e-04 9.999999912487970155e-01 9.020474255097847473e-04
9.999944303361217868e-01 -3.337543655874771701e-03 9.953917182691216544e-06 2.588506172984734177e-01 3.337543603425867107e-03 9.999944303718920624e-01 5.281136661975638844e-06 2.040041935781193930e-02 -9.971487767236275965e-06 -5.247885615197414785e-06 9.999999999365145609e-01 7.712325329127392784e-05
9.999940277901384622e-01 -3.456056457707087828e-03 -7.603744657622062093e-06 4.445119232688562461e-01 3.456056229149912038e-03 9.999940273737537577e-01 -2.986906739846786429e-05 1.588921131985043117e-02 7.706928426565313442e-06 2.984261004504014879e-05 9.999999995250109519e-01 2.425769406491792412e-03
9.999937460452390514e-01 -3.533319612301669913e-03 -1.533718592692203308e-04 6.279360844250142515e-01 3.533319665425341174e-03 9.999937578065856147e-01 7.541633007941378352e-08 1.778019182702185452e-02 1.533706354224123093e-04 -6.173276649078812327e-07 9.999999882385335326e-01 7.492161708413715496e-03
9.999897254468417263e-01 -4.529722915257114804e-03 -1.749601698352554158e-04 8.249948585156422487e-01 4.529747863990697329e-03 9.999897304913346607e-01 1.424645798729245766e-04 3.919792538864631110e-02 1.743130480082123377e-04 -1.432556415686202071e-04 9.999999745463908907e-01 4.158268589973295598e-03
9.999913588946994780e-01 -4.136166892892615896e-03 -4.174438484181806344e-04 1.056912041684792358e+00 4.136168135488093797e-03 9.999914460177589115e-01 2.113408137718204042e-06 2.908718064112838370e-02 4.174315362021442178e-04 -3.840007819718743205e-06 9.999999128680796545e-01 7.523403263461223012e-03
9.999906710384889319e-01 -4.291859310528762725e-03 -4.876265490365462715e-04 1.309965918339711433e+00 4.291845674944215830e-03 9.999907895672569547e-01 -2.900614448932975492e-05 4.365328892255649490e-02 4.877465480763017386e-04 2.691305599665375688e-05 9.999998806894889736e-01 4.721967306219282227e-03
9.999876292611202810e-01 -4.940174724894514507e-03 -5.796536998473619893e-04 1.528168727212377620e+00 4.940117854505975473e-03 9.999877925929796518e-01 -9.950177657568149499e-05 5.849352614768932312e-02 5.801381799404384254e-04 9.663698807313900164e-05 9.999998270504774078e-01 1.054950189040069694e-02
9.999876663989528680e-01 -4.918583625081006730e-03 -6.889013714423952977e-04 1.765769128304870206e+00 4.918491193947702178e-03 9.999878949278595552e-01 -1.358017790534758198e-04 6.346579772660786156e-02 6.895609846483056853e-04 1.324117487995735924e-04 9.999997534863582782e-01 1.510474197554266540e-02
9.999876544255866806e-01 -4.900799688156819676e-03 -8.204625707025830572e-04 2.007748452682373230e+00 4.900686377962944380e-03 9.999879817560641815e-01 -1.400587670916825526e-04 6.687017830935483576e-02 8.211391101453547779e-04 1.360362082418806043e-04 9.999996536122959245e-01 2.488140545452367097e-02
9.999839263976664228e-01 -5.603693806858152208e-03 -8.634593363546276502e-04 2.264056277932982919e+00 5.603603082858934527e-03 9.999842939197404190e-01 -1.074538408702186180e-04 8.970873253989261609e-02 8.640479132155976004e-04 1.026136303007911218e-04 9.999996214457516075e-01 3.437386483752558758e-02
9.999837836670057989e-01 -5.625194787310073934e-03 -8.885868690213360316e-04 2.497753872693855737e+00 5.625294181371837988e-03 9.999841719236084447e-01 1.093966547655179217e-04 8.771544328586790285e-02 8.879574269083565213e-04 -1.143934432968849184e-04 9.999995992227938002e-01 3.568390655931170941e-02
9.999822365826191994e-01 -5.897246721438566958e-03 -8.654480510310154579e-04 2.758202685906272045e+00 5.897229694147633830e-03 9.999826109427997212e-01 -2.222511541148039572e-05 9.484129120914384925e-02 8.655640686943462002e-04 1.712097467219670697e-05 9.999996252527874052e-01 4.395253369409354849e-02
9.999771280229573511e-01 -6.740202672773633504e-03 -5.595523995184730447e-04 3.003564560668519956e+00 6.740259312689283501e-03 9.999772792539410871e-01 9.939961431802455207e-05 1.000974844590024615e-01 5.588697125243978058e-04 -1.031688691241198401e-04 9.999998385104014176e-01 4.190449238721623976e-02
9.999749956840503495e-01 -7.056671700121024127e-03 -4.597729877011553492e-04 3.261579205191071473e+00 7.056642217166751718e-03 9.999750994310105945e-01 -6.571574694034111163e-05 1.115572178883787180e-01 4.602252735438418533e-04 6.246965028771687771e-05 9.999998921451144218e-01 5.453757938380179165e-02
9.999720971160777072e-01 -7.463745512653582707e-03 -3.122374032274716346e-04 3.497005682983747032e+00 7.463729375838975937e-03 9.999721445892494343e-01 -5.281459506498302649e-05 1.143075295601678615e-01 3.126229004232718893e-04 5.048266590676296080e-05 9.999999498592100355e-01 5.842685464684695823e-02
9.999682085017884692e-01 -7.963996771884954487e-03 -3.959054699095257315e-04 3.711541645641002862e+00 7.963972788314519283e-03 9.999682851364318781e-01 -6.211868207131928255e-05 1.269434998149165938e-01 3.963876268050513826e-04 5.896372683624497680e-05 9.999999197000608575e-01 6.608224245456843782e-02
9.999670369982415208e-01 -8.107764962092573954e-03 -4.348152215622261025e-04 3.960667044904226497e+00 8.107750319808230619e-03 9.999671310246591727e-01 -3.542687794860491837e-05 1.449208239945914689e-01 4.350881624311787833e-04 3.190033692068617064e-05 9.999999048403251933e-01 7.124518987964038874e-02
9.999638827411454489e-01 -8.485580152949801641e-03 -4.776428797958221515e-04 4.192251786315600803e+00 8.485653137578871158e-03 9.999639847989280073e-01 1.509830390484898251e-04 1.587301186151492682e-01 4.763444987118837116e-04 -1.550306977565674615e-04 9.999998745306928338e-01 7.522659821565806648e-02
9.999602411181157668e-01 -8.913287696016245279e-03 -2.636009255035410572e-04 4.426041731621401354e+00 8.913402792931715904e-03 9.999601785903919904e-01 4.387301247755108014e-04 1.684262220792483722e-01 2.596799007200802458e-04 -4.410622625819034725e-04 9.999998690152062109e-01 8.486312735291690057e-02
9.999593721924370238e-01 -9.004164893531551098e-03 -4.230591888705502652e-04 4.651517352633785407e+00 9.004407471978193370e-03 9.999592941655776057e-01 5.750286586844711133e-04 1.812640766670014225e-01 4.178643150319559757e-04 -5.788146938521378324e-04 9.999997451814497396e-01 8.962763469344921241e-02
9.999539182597503295e-01 -9.595997405181374770e-03 -2.796261296842852788e-04 4.896706955339242384e+00 9.596181908338769287e-03 9.999537337158435069e-01 6.661235065108881553e-04 1.880639542906248907e-01 2.732210729823029592e-04 -6.687761535872620983e-04 9.999997390443168266e-01 9.372627442862088709e-02
9.999484970152465735e-01 -1.014684302485469557e-02 -2.118810479031352071e-04 5.129268906960984253e+00 1.014697153926462196e-02 9.999483293196770317e-01 6.145399645687512529e-04 2.074388951685862958e-01 2.056344593122636281e-04 -6.166582648891083323e-04 9.999997887235044791e-01 9.736905950836627355e-02
9.999435130397390514e-01 -1.062570868659815787e-02 -2.550385320321265996e-04 5.363341221126413316e+00 1.062581778127101584e-02 9.999434518273395689e-01 4.302837484274905011e-04 2.027327350780915027e-01 2.504520403058141539e-04 -4.329694359750683921e-04 9.999998749056137060e-01 1.072196909088721228e-01
9.999414756112156022e-01 -1.081641076429660370e-02 -2.249680925908124093e-04 5.590548154592049457e+00 1.081658186628757859e-02 9.999411996792680890e-01 7.737833779842710541e-04 2.169439782919958537e-01 2.165853055359507750e-04 -7.761714785758339974e-04 9.999996753242679226e-01 1.141607728457103982e-01
9.999359921223752723e-01 -1.131411990247166086e-02 4.846724229118721725e-05 5.828669354026296823e+00 1.131404874881268216e-02 9.999351776067704201e-01 1.277844053834848023e-03 2.377571289071537253e-01 -6.292178137029657962e-05 -1.277213901007023681e-03 9.999991823824160297e-01 1.183750394296843589e-01
9.999296958834565929e-01 -1.185748202628064164e-02 5.839875417790498093e-05 6.062923660736177389e+00 1.185741502449014391e-02 9.999291593226148356e-01 1.038289605873274042e-03 2.506813522932645477e-01 -7.070611751031693083e-05 -1.037524151574616095e-03 9.999994592719937403e-01 1.247713914093972476e-01
9.999208699678902024e-01 -1.257913304695683007e-02 1.386161773297219131e-04 6.293805771732195353e+00 1.257897900679315686e-02 9.999203184647520448e-01 1.061135474601998703e-03 2.522354556048266860e-01 -1.519532964957662799e-04 -1.059307856933188255e-03 9.999994273883660023e-01 1.245239826983157022e-01
9.999128478839365286e-01 -1.319837056967035523e-02 3.156753733486494296e-04 6.535080022086139806e+00 1.319800394344815796e-02 9.999122565900361304e-01 1.136579487104213493e-03 2.631049587385037580e-01 -3.306486721676374775e-04 -1.132314146974533172e-03 9.999993042678220201e-01 1.337522151723108399e-01
9.999053180882756520e-01 -1.374016494414481530e-02 7.501507128705249723e-04 6.776558301367888504e+00 1.373933023055987947e-02 9.999049984228043364e-01 1.106767323031741801e-03 2.804705993705339240e-01 -7.652866129429134433e-04 -1.096355963818945040e-03 9.999991061696008599e-01 1.377593043468748613e-01
9.998947919331646617e-01 -1.448681355326690567e-02 7.330061433968510561e-04 7.003501339914250501e+00 1.448601378621238930e-02 9.998944836629719557e-01 1.084870934476885778e-03 2.879785834624029039e-01 -7.486451222307058482e-04 -1.074138460204478564e-03 9.999991428781572766e-01 1.400828771512635240e-01
9.998834035611616766e-01 -1.524435451833802517e-02 8.882219690951475731e-04 7.218210527158032797e+00 1.524354888240965315e-02 9.998833991322090275e-01 9.068391748844016609e-04 2.978503594959286405e-01 -9.019425795158149796e-04 -8.931937856616789691e-04 9.999991943518977688e-01 1.453232823585601519e-01
9.998687905882576166e-01 -1.616696346401298029e-02 1.015332422593900712e-03 7.450506940071207396e+00 1.616628625418568138e-02 9.998690914445887978e-01 6.716863257144032630e-04 3.094349343928725626e-01 -1.026058635180298814e-03 -6.551840395599220230e-04 9.999992589685011701e-01 1.483375860569756122e-01
9.998599585609772022e-01 -1.669969536239784488e-02 1.087860856907530349e-03 7.680717637160143774e+00 1.669882985830728819e-02 9.998602448665452336e-01 7.998854764920543259e-04 3.136999001139034182e-01 -1.101066666550516758e-03 -7.816074560198617641e-04 9.999990883705747180e-01 1.587031511786939630e-01
9.998487070147197286e-01 -1.734906802819296059e-02 1.254160893304720817e-03 7.890507847830527055e+00 1.734794699019049161e-02 9.998491086353156199e-01 8.992754807977555026e-04 3.329982169694186145e-01 -1.269573242748442410e-03 -8.773823100314559215e-04 9.999988091913226684e-01 1.581249346848219994e-01
9.998413036303317458e-01 -1.777651950657090085e-02 1.167436949604100859e-03 8.125583680850365198e+00 1.777534545310219954e-02 9.998414974898479635e-01 1.008459856053149986e-03 3.430683004840822115e-01 -1.185178814219866933e-03 -9.875482220611095027e-04 9.999988100491357113e-01 1.645115405188384006e-01
9.998255421511945684e-01 -1.860667034868711961e-02 1.636178659281065789e-03 8.365105360105223653e+00 1.860471839219680901e-02 9.998261968419467349e-01 1.200234192059716548e-03 3.585635511135104592e-01 -1.658226648215821355e-03 -1.169584158589260852e-03 9.999979411765201887e-01 1.658043523217183346e-01
9.998153098799154037e-01 -1.912921825420953181e-02 1.849091320483357056e-03 8.590099088891635759e+00 1.912725770445769524e-02 9.998164823487657449e-01 1.072211008856603382e-03 3.620941218316729437e-01 -1.869262537990288610e-03 -1.036644935870660676e-03 9.999977156098113218e-01 1.703040683496961916e-01
9.998039400121278009e-01 -1.971368091047344048e-02 1.858042299207825470e-03 8.808235150232267330e+00 1.971230650799778508e-02 9.998054084353356075e-01 7.551394483778372949e-04 3.723411301933063355e-01 -1.872567317977841435e-03 -7.183650964399369799e-04 9.999979887195913353e-01 1.757398962511338980e-01
9.997913845836812197e-01 -2.033379272063975951e-02 1.929814975487227635e-03 9.026994683476603498e+00 2.033269548898360840e-02 9.997930973536097721e-01 5.864965708099948013e-04 3.857563718062923530e-01 -1.941341391363972553e-03 -5.471358783370436395e-04 9.999979659158976242e-01 1.840612934050341043e-01
9.997927803466907237e-01 -2.024555190942758931e-02 2.124616322185986401e-03 9.262622772127935278e+00 2.024403253019651377e-02 9.997947989812751013e-01 7.342185696380579924e-04 3.993078527212697293e-01 -2.139045008916747558e-03 -6.910556231800847821e-04 9.999974734610960203e-01 1.871354634761360769e-01
9.997980319318867659e-01 -1.999339597077701841e-02 2.039476080206734619e-03 9.479625441894185656e+00 1.999114794588967292e-02 9.997995333408755680e-01 1.116752064234473579e-03 4.196478068484866264e-01 -2.061394899471993662e-03 -1.075755047925982481e-03 9.999972966974187694e-01 1.955606803353454048e-01
9.998142183799821892e-01 -1.913581896704374952e-02 2.312824611972827665e-03 9.702381110377517714e+00 1.913254491183329076e-02 9.998159341277628176e-01 1.429541683785965668e-03 4.135741271551314768e-01 -2.339754350760064102e-03 -1.385025880454305615e-03 9.999963036196126698e-01 1.998635109411731337e-01
9.998397423094453895e-01 -1.773905935860809260e-02 2.411528903748799343e-03 9.929171553819534424e+00 1.773515629605762131e-02 9.998413904907743621e-01 1.630365796154368717e-03 4.242510727829350015e-01 -2.440067567967119273e-03 -1.587335675476672257e-03 9.999957632088833925e-01 2.016698592428995407e-01
9.998687697652989259e-01 -1.592154013875992161e-02 2.991288624917387302e-03 1.015923336676503830e+01 1.591720670780751370e-02 9.998722371338211179e-01 1.466949088695304734e-03 4.419515625031394945e-01 -3.014262538106278911e-03 -1.419143621256577529e-03 9.999944501109662154e-01 2.121708567117921440e-01
9.999033543547030112e-01 -1.347897329886797377e-02 3.405764087773957734e-03 1.040311472872524412e+01 1.347297036647527452e-02 9.999076521046105226e-01 1.779419048262626934e-03 4.569701525989384172e-01 -3.429434314467287581e-03 -1.733361316530669834e-03 9.999926171921615925e-01 2.169731361759222599e-01
9.999344077508375284e-01 -1.091354468820465370e-02 3.474872417850380975e-03 1.060619068304076329e+01 1.090768946925554927e-02 9.999390650911896827e-01 1.699533759527140217e-03 4.724892976562528046e-01 -3.493208614450184126e-03 -1.661519454006132141e-03 9.999925183953527474e-01 2.210375478357799739e-01
9.999606864807877304e-01 -8.103538723569538027e-03 3.599743466871419429e-03 1.082906062335543496e+01 8.097225687733165117e-03 9.999656594917673003e-01 1.764872051086281918e-03 4.629465483411547844e-01 -3.613921558859382790e-03 -1.735654732485793694e-03 9.999919635045153576e-01 2.222232382501534154e-01
9.999819915047113428e-01 -4.604841364475391850e-03 3.848649409796188730e-03 1.104978973676337617e+01 4.598117647637804152e-03 9.999878902221122079e-01 1.754059071805128987e-03 4.833100786921442071e-01 -3.856679967276249992e-03 -1.736330941069843701e-03 9.999910555472448781e-01 2.240181304306596288e-01
9.999886349252870010e-01 -7.959552969408441921e-04 4.700688824673207936e-03 1.127676826414399081e+01 7.851500621997790485e-04 9.999970466562141391e-01 2.300047440665145809e-03 4.856904722077628467e-01 -4.702505676866690354e-03 -2.296330554331065064e-03 9.999863065594170042e-01 2.325954059302748067e-01
9.999827449009649483e-01 3.156133088108159426e-03 4.954666917349872211e-03 1.149175411465689400e+01 -3.169240498903222372e-03 9.999914935196114740e-01 2.639849063274993420e-03 4.855304221998216208e-01 -4.946293055596693959e-03 -2.655506043471009964e-03 9.999842411121593333e-01 2.385162225610222841e-01
9.999533510851318363e-01 8.235204509162496328e-03 5.047480590099394718e-03 1.171470169118027016e+01 -8.248787332312990106e-03 9.999623972222965174e-01 2.676125741515355747e-03 4.910911795628885024e-01 -5.025252348035190095e-03 -2.717636497105171099e-03 9.999836805121912198e-01 2.435368072031943165e-01
9.998963642726934609e-01 1.342064534105878899e-02 5.210277620103022887e-03 1.191164363618400657e+01 -1.343574194074717738e-02 9.999056078783269408e-01 2.873355525367369146e-03 4.902503581612126515e-01 -5.171223525499229166e-03 -2.943061688621041987e-03 9.999822982608973509e-01 2.460168899589550706e-01
9.997952671886588538e-01 1.952900864696303918e-02 5.295425235535827259e-03 1.212506763919980202e+01 -1.954425004485297462e-02 9.998049539062049407e-01 2.841906894273690202e-03 4.870238877509702746e-01 -5.238892759216517113e-03 -2.944820177582792558e-03 9.999819408553232147e-01 2.479650183135816144e-01
9.996253735758512393e-01 2.692057411350392421e-02 4.939148989363588427e-03 1.233718831611933098e+01 -2.693410337007948185e-02 9.996335826555131643e-01 2.693418451185231044e-03 4.861310105711682539e-01 -4.864830828473070204e-03 -2.825440974901869545e-03 9.999841750269389262e-01 2.510464656500910885e-01
9.993530685107240297e-01 3.561793083730462744e-02 4.980708892215919559e-03 1.256049737697644098e+01 -3.563499114481297886e-02 9.993591578013039101e-01 3.379515464916739691e-03 4.739819655577938717e-01 -4.857145695685360226e-03 -3.554816667212995929e-03 9.999818855430099296e-01 2.554750910635295580e-01
9.989397565524069655e-01 4.577850124606968468e-02 4.867402046427586441e-03 1.277701150411777853e+01 -4.580270751076328389e-02 9.989380735419316482e-01 4.983694715542335771e-03 4.735384872667627865e-01 -4.634087148666942747e-03 -5.201350978145191997e-03 9.999757352977625136e-01 2.604733165202329781e-01
9.982902938480955335e-01 5.825079552342529721e-02 4.830530982330082275e-03 1.299550604582456970e+01 -5.827905361440990917e-02 9.982827110670907667e-01 5.931331583055761414e-03 4.606009574385423466e-01 -4.476730781707836428e-03 -6.202709523064509067e-03 9.999707422100311272e-01 2.708905211435793658e-01
9.974226831455889064e-01 7.156910321241628792e-02 5.084743063773285339e-03 1.318807987982676799e+01 -7.159878911433616155e-02 9.974159576027921137e-01 5.917847299989413036e-03 4.418758642020013117e-01 -4.648068847909325209e-03 -6.266656578725006942e-03 9.999695617724118080e-01 2.715453030461650874e-01
9.963280116328090408e-01 8.548060902421779350e-02 4.853732240443854422e-03 1.340146477381984980e+01 -8.550738683281015884e-02 9.963217606766260337e-01 5.606781541320607180e-03 4.101368634259494605e-01 -4.356607950834098276e-03 -6.001223464990012614e-03 9.999725022639802674e-01 2.666133572857615208e-01
9.950105978413261720e-01 9.965170051148605768e-02 4.842392860531571398e-03 1.359289923332004868e+01 -9.967875095460282386e-02 9.950032959050066905e-01 5.708567797973427248e-03 4.005991688878721146e-01 -4.249328367742625547e-03 -6.162769129448555407e-03 9.999719813500177468e-01 2.715628026950325236e-01
9.933943606140668292e-01 1.146329357032497137e-01 5.189831618074310267e-03 1.379685406895564981e+01 -1.146635094228121848e-01 9.933860530324997162e-01 6.035664615958794867e-03 3.605928773961782352e-01 -4.463620393134527277e-03 -6.590879498693206530e-03 9.999683176983257260e-01 2.747621897441250849e-01
9.914346160072945446e-01 1.305086489296554964e-01 4.989462598758139487e-03 1.398340713509841216e+01 -1.305369738285081793e-01 9.914261904541212811e-01 5.848704585110611580e-03 3.419022242458831795e-01 -4.183377363308634321e-03 -6.449917533151653358e-03 9.999704485221809769e-01 2.788789417373334079e-01
9.890973825838450528e-01 1.471754329251583615e-01 5.075402356369230691e-03 1.417675813469444890e+01 -1.472045407651499105e-01 9.890882527157757176e-01 5.937298861863583681e-03 2.981488805038969847e-01 -4.146196318089949776e-03 -6.619689036955005677e-03 9.999694939212625533e-01 2.852521137886558367e-01
9.862588568082668594e-01 1.651322937583556971e-01 4.979249477059301612e-03 1.439227725025791216e+01 -1.651601542323540284e-01 9.862495460257399982e-01 5.827213567972226033e-03 2.640741614383023683e-01 -3.948521393599574783e-03 -6.569514603518391768e-03 9.999706248968909250e-01 2.877269122321798878e-01
9.830956043446194004e-01 1.830194822398983900e-01 5.186698268372043341e-03 1.456599008864444045e+01 -1.830487480549602419e-01 9.830862756133732505e-01 5.876268896021527403e-03 2.189552666650793067e-01 -4.023500192531925465e-03 -6.726352746190105043e-03 9.999692833407106685e-01 2.961031457499234132e-01
9.796209673633051729e-01 2.007864953387608065e-01 5.248198906279151477e-03 1.473735815939390292e+01 -2.008163907047699759e-01 9.796106843717591328e-01 5.973632814530092233e-03 1.635793430020821559e-01 -3.941766925029122071e-03 -6.905820318502852578e-03 9.999683855598822113e-01 2.925588612825431034e-01
9.755110488577349859e-01 2.199011996563584592e-01 4.653594973359562702e-03 1.491682361232307841e+01 -2.199276028644315817e-01 9.754962881196406199e-01 6.232283939927918404e-03 1.034314308748027628e-01 -3.169077907935265344e-03 -7.103115830211238421e-03 9.999697508878536700e-01 2.951400526919537026e-01
9.708910631392877466e-01 2.394787299587423368e-01 4.525639580370349573e-03 1.510490265435608492e+01 -2.395024460717300741e-01 9.708788176692980665e-01 5.735828338086153798e-03 4.445201284899857885e-02 -3.020238719321107629e-03 -6.652766222686655635e-03 9.999733090736294683e-01 3.036095459934599061e-01
9.656575478095076326e-01 2.597772332138598150e-01 4.614050528598368818e-03 1.527820789782276911e+01 -2.598003786510564295e-01 9.656470486074502091e-01 5.435141993394063294e-03 -1.923804955179835366e-02 -3.043618125898287993e-03 -6.447217963782353282e-03 9.999745845616433426e-01 3.050511590509051296e-01
9.596653298766449902e-01 2.811129305674039403e-01 4.239681657391075088e-03 1.548050423113327589e+01 -2.811336315084426163e-01 9.596527601726065893e-01 5.519160078563269990e-03 -6.863541914960323564e-02 -2.517114940812972650e-03 -6.488463678218516807e-03 9.999757816924723652e-01 3.127110619960538074e-01
9.530708018834110895e-01 3.027158189137561517e-01 4.379449358750495992e-03 1.563915809324095640e+01 -3.027372247758499113e-01 9.530579061844740574e-01 5.549792273838374292e-03 -1.424200409166231918e-01 -2.493858923115464983e-03 -6.615167317627999345e-03 9.999750098022607281e-01 3.167600612325014997e-01
9.456590840921852426e-01 3.251312355929272813e-01 4.310025028444337478e-03 1.580958325334425041e+01 -3.251517895342627695e-01 9.456457570664925649e-01 5.515061632162657212e-03 -2.165250273006426307e-01 -2.282638078162586674e-03 -6.616780482719028869e-03 9.999755035896867872e-01 3.181017199551628427e-01
9.372957248038594757e-01 3.485175922511859481e-01 3.494589510044626094e-03 1.599764036824736557e+01 -3.485313919726453769e-01 9.372849311107442905e-01 4.777731923990543271e-03 -2.759490577865502114e-01 -1.610302461611696438e-03 -5.696121852924112584e-03 9.999824804074413098e-01 3.242339610485077683e-01
9.283050151594677279e-01 3.718041190266018758e-01 3.390561108859740068e-03 1.618681752240370031e+01 -3.718152032902513615e-01 9.282997323226089836e-01 3.614079689448888681e-03 -3.528056451195067389e-01 -1.803727254750466143e-03 -4.615630468860079140e-03 9.999877211862980841e-01 3.298373148461909987e-01
9.186191222021014013e-01 3.951293342087596194e-01 3.423093978108918394e-03 1.633307787968017166e+01 -3.951394258499973944e-01 9.186160553146469621e-01 3.062198081752843561e-03 -4.455769988811751903e-01 -1.934544797883395052e-03 -4.165593103009297693e-03 9.999894526296390085e-01 3.310637778488335625e-01
9.080929660442661477e-01 4.187562520989261960e-01 3.219681504109158342e-03 1.650018553951003142e+01 -4.187654818686945557e-01 9.080891101643976393e-01 3.104705479211642728e-03 -5.163273453721226591e-01 -1.623642881733586979e-03 -4.167652683843179988e-03 9.999899971774215413e-01 3.402768918005582566e-01
8.965755988120506226e-01 4.428793843832046773e-01 3.169621928010284140e-03 1.664923979972889612e+01 -4.428884620701412644e-01 8.965709395036246532e-01 3.218789016516887796e-03 -6.147185481978985067e-01 -1.416255611773050566e-03 -4.289676670973551105e-03 9.999897963949935242e-01 3.472858432458175160e-01
8.838732203895638406e-01 4.677124281398345462e-01 3.635222375811872526e-03 1.677421655610166695e+01 -4.677244629452492197e-01 8.838658170881379395e-01 3.878678344042518853e-03 -7.230043645933155183e-01 -1.398942729228523510e-03 -5.128542352217282940e-03 9.999858704064682469e-01 3.512368684150401488e-01
8.694185944118513198e-01 4.940630184105281320e-01 3.611305857844750514e-03 1.695088691260119518e+01 -4.940757885909761171e-01 8.694042365620607837e-01 5.038707785275235371e-03 -8.150677888365868151e-01 -6.502454350499036872e-04 -6.165005029883903823e-03 9.999807847623152224e-01 3.596600816102374365e-01
8.537858775393646349e-01 5.206088546468645717e-01 4.011954338827051353e-03 1.712299618636292919e+01 -5.206241015230841374e-01 8.537671262161847796e-01 5.677949087357175156e-03 -9.107477951462992216e-01 -4.692841552586964581e-04 -6.936472867176553606e-03 9.999758322662325449e-01 3.610722411564618040e-01
8.370570635791103609e-01 5.470996760153578053e-01 4.173345924771356893e-03 1.726310011988525162e+01 -5.471155560214521207e-01 8.370354660229409882e-01 6.016392531681366215e-03 -1.018557921934731381e+00 -2.016721461518405922e-04 -7.319366342009636650e-03 9.999731927430339784e-01 3.686030536996522389e-01
8.189907461730095983e-01 5.737902570042435757e-01 4.347257754171206592e-03 1.738866673471002855e+01 -5.738067054756109675e-01 8.189652359659976844e-01 6.465835629171166193e-03 -1.115833097096489368e+00 1.497805149594817059e-04 -7.789945196341206690e-03 9.999696466991562227e-01 3.753263501847471928e-01
8.001465704059119721e-01 5.997871322435146535e-01 4.567478818519749191e-03 1.751480855343958609e+01 -5.998045190902865365e-01 8.001224909115060013e-01 6.207931735860750672e-03 -1.263234432474439561e+00 6.889504355585881340e-05 -7.706849723960308360e-03 9.999702994193403471e-01 3.808559565328339946e-01
7.802313608398887546e-01 6.254778116166889168e-01 4.065800921500711297e-03 1.760968907490999769e+01 -6.254910037641289167e-01 7.802131178592308647e-01 5.338064304627680723e-03 -1.386655064052813247e+00 1.666495659686793081e-04 -6.708047076145090201e-03 9.999774869127536769e-01 3.730001086407599975e-01
7.581560712178525563e-01 6.520656094211181308e-01 3.132520674501654799e-03 1.773298924916994679e+01 -6.520726324323475875e-01 7.581407835388401795e-01 4.882045458828927764e-03 -1.517490861089762832e+00 8.085222687145871435e-04 -5.743983406943745443e-03 9.999831763316630040e-01 3.678105369442456474e-01
7.343154610600909349e-01 6.788076966606144680e-01 9.563484811010504764e-04 1.785889938982129621e+01 -6.788073360201856143e-01 7.343111539375599683e-01 2.780246044501621244e-03 -1.648104772752149172e+00 1.184995056894185212e-03 -2.690754020791857014e-03 9.999956778054166495e-01 3.742604020459608383e-01
7.102509429952693631e-01 7.039463408842300263e-01 -1.774015229429626002e-03 1.793200259557754705e+01 -7.039470879186214836e-01 7.102523681275452194e-01 2.664209202319381907e-04 -1.808349755606582843e+00 1.447544549729004549e-03 1.059587144851868419e-03 9.999983909436349627e-01 3.697504582403984275e-01
6.842124125824264880e-01 7.292699408733924749e-01 -4.327563593312678050e-03 1.803771638381136455e+01 -7.292817954695023364e-01 6.842091964666729975e-01 -2.416250651070510000e-03 -1.945666624769421205e+00 1.198859839397408604e-03 4.809242034712332865e-03 9.999877168876311062e-01 3.814619467504578587e-01
6.571161184896134877e-01 7.537736402684780401e-01 -4.868886684987607655e-03 1.812896048195270637e+01 -7.537892077415699887e-01 6.571064459331599217e-01 -3.598472652020367514e-03 -2.088586380519756425e+00 4.869429949035347475e-04 6.034728618446938246e-03 9.999816723005584551e-01 3.989092135009979501e-01
6.290109756249833151e-01 7.773898995294462599e-01 -3.183811066012288450e-03 1.821474956693372249e+01 -7.773962830356845322e-01 6.290031665186024412e-01 -3.167906544257167393e-03 -2.237741096867876589e+00 -4.600713080400579188e-04 4.467730874697803389e-03 9.999899138067457338e-01 4.172338418117022552e-01
5.990580984228135453e-01 8.007055491015523385e-01 -1.354696432484126922e-04 1.829790750367132546e+01 -8.007022668414830457e-01 5.990551403322699198e-01 -2.969632366989903571e-03 -2.387108606928938226e+00 -2.296647328893453022e-03 1.887453169221021401e-03 9.999955814560286260e-01 4.255220294185139140e-01
5.673661096718045638e-01 8.234634858389401346e-01 1.893432297006844046e-03 1.838536365042202902e+01 -8.234566252882783433e-01 5.673691556234232714e-01 -3.380460915866892804e-03 -2.530723289337295068e+00 -3.857961213104939974e-03 3.587995892278951320e-04 9.999924936708939338e-01 4.175212514428845445e-01
5.343131993623467801e-01 8.452842836741364385e-01 1.970979623209906731e-03 1.844753553319067407e+01 -8.452712081526964072e-01 5.343160920758085464e-01 -4.785229034955794554e-03 -2.691362935251443211e+00 -5.098005026863854094e-03 8.907987079938416587e-04 9.999866083215354085e-01 4.090210884681838022e-01
4.993207449205093740e-01 8.664163081943730971e-01 1.254825430417225076e-03 1.850142908317569024e+01 -8.663992179314589093e-01 4.993191836865323863e-01 -5.722584238923887796e-03 -2.843886921222322339e+00 -5.584698719204771178e-03 1.770225253495852184e-03 9.999828385741265091e-01 4.108102174190728650e-01
4.644549870436253114e-01 8.855966477742429621e-01 3.774404977370522489e-04 1.854635520177501107e+01 -8.855709323212248574e-01 4.644446690805880129e-01 -7.434594161081083466e-03 -3.009886985036755558e+00 -6.759351893684465221e-03 3.118784001282738985e-03 9.999722917902928998e-01 4.126031527275913491e-01
4.290722091986901576e-01 9.032701876449301670e-01 -8.605375297781161018e-05 1.858812561775139116e+01 -9.032407265892129500e-01 4.290574411866640014e-01 -8.118004246334995649e-03 -3.192423500009581083e+00 -7.295829215832180456e-03 3.560937270624712440e-03 9.999670447578800081e-01 4.193332221906082014e-01
3.930804871328671402e-01 9.195039968609477476e-01 -3.610985052509415802e-04 1.860029179992586279e+01 -9.194644963324007936e-01 3.930598970466941955e-01 -9.431718711191198340e-03 -3.349579263964981291e+00 -8.530569710910838876e-03 4.039441840752154914e-03 9.999554551528895274e-01 4.207036807165741021e-01
3.562394063384534126e-01 9.343915104674503924e-01 -2.447557554595638455e-03 1.863846446562886072e+01 -9.343511018142321989e-01 3.561962480653048102e-01 -1.059487624893910851e-02 -3.508602634881884619e+00 -9.027951603591068824e-03 6.061190523041631861e-03 9.999408772818954017e-01 4.046675288191128317e-01
3.197301699546685194e-01 9.474932790596632959e-01 -5.394863995149788705e-03 1.864241571833886368e+01 -9.474515913664631750e-01 3.196432596397686954e-01 -1.279330231099025730e-02 -3.682683663009095998e+00 -1.039713604391882124e-02 9.201777199584669498e-03 9.999036087835934117e-01 4.157846319179098749e-01
2.817610835448244311e-01 9.594522126320365052e-01 -7.883113289562340004e-03 1.864325403110903068e+01 -9.594278147303677562e-01 2.816455164388785848e-01 -1.319361177194735418e-02 -3.843742899022538850e+00 -1.043839649361799626e-02 1.128072450541035485e-02 9.998818855911307812e-01 4.190523303824916779e-01
2.435701820305419263e-01 9.698400727288636336e-01 -9.154220604814479120e-03 1.866059693401403052e+01 -9.698271374293201408e-01 2.434436861265570906e-01 -1.305738070079876315e-02 -4.003234070441655135e+00 -1.043503384085941142e-02 1.205840015869936652e-02 9.998728444429085815e-01 4.275853292933644578e-01
2.046775220660862482e-01 9.787691347642396567e-01 -1.086705083033066670e-02 1.867584566953956582e+01 -9.787805967657413619e-01 2.045437600324321314e-01 -1.226350792776794742e-02 -4.178554145703420986e+00 -9.780355606336421301e-03 1.314652291128804405e-02 9.998657477779486769e-01 4.186595460668122159e-01
1.656417434893234786e-01 9.861095942000385195e-01 -1.227522058670932510e-02 1.866764152152305911e+01 -9.861344894582163567e-01 1.654930520892428092e-01 -1.228081476002225274e-02 -4.322776380244861549e+00 -1.007876553948815722e-02 1.413923395458109057e-02 9.998492389097356492e-01 4.329694685044123692e-01
1.262701944788916508e-01 9.919088433127609683e-01 -1.314094913631579965e-02 1.863488450021097265e+01 -9.919515714639817183e-01 1.261282627412856350e-01 -1.112390255271312155e-02 -4.499637930522377260e+00 -9.376452228850433793e-03 1.443980248499203596e-02 9.998517761387407665e-01 4.306049940273926069e-01
8.663688033191951909e-02 9.961340221660059946e-01 -1.452793342937013128e-02 1.862239707691782442e+01 -9.961889749633825453e-01 8.647570697967166264e-02 -1.137885160160875472e-02 -4.666871229024565970e+00 -1.007854789928223395e-02 1.545839531586373772e-02 9.998297159449204274e-01 4.274589543527662627e-01
4.806088631259097799e-02 9.987219634467011664e-01 -1.563940331390268473e-02 1.859288847620860352e+01 -9.987706687754381862e-01 4.786119500473495769e-02 -1.290182958278989975e-02 -4.838818124055325853e+00 -1.213682004121426072e-02 1.624025067187827645e-02 9.997944548042870805e-01 4.332385676790042051e-01
8.927425301263003377e-03 9.998250379604053384e-01 -1.643759547391264453e-02 1.855233345548529300e+01 -9.998700588164809444e-01 8.704761768625890461e-03 -1.356807299795576710e-02 -4.996161449337414240e+00 -1.342261374758123120e-02 1.655658751147389210e-02 9.997728306221159711e-01 4.320772389714591100e-01
-3.031170197197874394e-02 9.994036411619587890e-01 -1.653973263933301505e-02 1.853477268681076140e+01 -9.994348552067159330e-01 -3.054492047051726722e-02 -1.403488622613873089e-02 -5.164967519541686869e+00 -1.453172121576891580e-02 1.610496400705224013e-02 9.997647019238270483e-01 4.408946783622107457e-01
-6.968797603006904318e-02 9.974248028490878548e-01 -1.695136154682757440e-02 1.847216876740578684e+01 -9.974574565768662415e-01 -6.992405556727487870e-02 -1.375677186822090066e-02 -5.312847914184341214e+00 -1.490665341524143733e-02 1.594958038580981605e-02 9.997616728848303103e-01 4.287041416606897637e-01
-1.097085880140635794e-01 9.937998918850686758e-01 -1.804994751200616337e-02 1.844104044494902794e+01 -9.938381740352496552e-01 -1.099653378579381613e-01 -1.390353552411339490e-02 -5.466620609966851063e+00 -1.580220067715991383e-02 1.641338962601044532e-02 9.997404118543691265e-01 4.314933344608777865e-01
-1.487141542933079208e-01 9.887024374422151984e-01 -1.875074688241766541e-02 1.836654149266794178e+01 -9.887324016119291015e-01 -1.489930398329284422e-01 -1.446762192104557483e-02 -5.629265010771885791e+00 -1.709790383447939988e-02 1.638793083844659881e-02 9.997195093661527254e-01 4.308017175140819721e-01
-1.877507724096554309e-01 9.820208872182796256e-01 -1.961184658823336702e-02 1.830661374078530912e+01 -9.820318364070688144e-01 -1.880653853179232726e-01 -1.564874206385040087e-02 -5.804953698132734097e+00 -1.905570105080449383e-02 1.632139431064914478e-02 9.996851966220259289e-01 4.376293097451912639e-01
-2.267600709400277026e-01 9.737444194347928406e-01 -2.004185238125118923e-02 1.824232281134640488e+01 -9.737280459186739012e-01 -2.271001745772125435e-01 -1.670937755874038477e-02 -5.948240480484221493e+00 -2.082217132468527909e-02 1.572629411520256454e-02 9.996595024580757771e-01 4.347174344828439452e-01
-2.652762945887445767e-01 9.639634927614092463e-01 -2.007167537825130244e-02 1.819152550060804074e+01 -9.639026919671999094e-01 -2.656370011729067837e-01 -1.812688683283387656e-02 -6.087234538811676643e+00 -2.280543680026408948e-02 1.453850855794452078e-02 9.996342050076416630e-01 4.355290815133964211e-01
-3.030549910443227635e-01 9.527632419477362058e-01 -1.999692967344298550e-02 1.809690875007494171e+01 -9.526667486758423342e-01 -3.034228711806432610e-01 -1.899018725273316291e-02 -6.232037077495917288e+00 -2.416067818842210224e-02 1.329533894769134236e-02 9.996196754724976374e-01 4.346578062515635277e-01
-3.405548028742375610e-01 9.400028743497381711e-01 -2.042112762606387855e-02 1.803311949167075667e+01 -9.398743206545441264e-01 -3.409404655755718938e-01 -1.989623852067962800e-02 -6.382685031557143063e+00 -2.566491015859521940e-02 1.241753386719767448e-02 9.995934759887182830e-01 4.281912801676750480e-01
-3.770534229526729675e-01 9.259306758810452731e-01 -2.197952916111121924e-02 1.792208062230835353e+01 -9.258115497217147549e-01 -3.774722821745319923e-01 -1.968884434973513717e-02 -6.505218958254407546e+00 -2.652716798963326850e-02 1.292515579875197149e-02 9.995645300359691232e-01 4.239216920449767612e-01
-4.128592027462689718e-01 9.104810412051046464e-01 -2.390716030364347169e-02 1.780438847938977887e+01 -9.103756750109516238e-01 -4.133232795027395046e-01 -1.949351095762194910e-02 -6.639891059553931996e+00 -2.762985805373837159e-02 1.371642180633499478e-02 9.995241121237451454e-01 4.162838576052632633e-01
-4.480632824073860210e-01 8.936295782053971237e-01 -2.579674232850707669e-02 1.772737792771695098e+01 -8.935191598243266142e-01 -4.485829725743055718e-01 -1.992053571642719845e-02 -6.770629153636864572e+00 -2.937355928635149507e-02 1.412422291115635054e-02 9.994687090359593018e-01 4.253979514148574781e-01
-4.819608010876315074e-01 8.757848493505920873e-01 -2.673357183262067491e-02 1.758975831252316269e+01 -8.756692694451012615e-01 -4.825031419850012160e-01 -1.985065550769626874e-02 -6.908199443705946408e+00 -3.028393574903947075e-02 1.384252948572518155e-02 9.994454800603106426e-01 4.251707135184005226e-01
-5.157124738603298120e-01 8.563401278551182605e-01 -2.687433217660396834e-02 1.748220371438047849e+01 -8.562095405378308266e-01 -5.162524783193442879e-01 -1.971297342187206675e-02 -7.023564232236724436e+00 -3.075495076983957021e-02 1.284383331465455830e-02 9.994444301455334134e-01 4.267520062635999367e-01
-5.490278787141043004e-01 8.353836487185255510e-01 -2.650561918563812056e-02 1.739899108228365776e+01 -8.352097671490017472e-01 -5.495572292136046144e-01 -2.028538089304718003e-02 -7.137173468844538071e+00 -3.151243014432905665e-02 1.100051238755961683e-02 9.994428225134291965e-01 4.289361047766766522e-01
-5.810912648179062945e-01 8.134403761857499360e-01 -2.544987903924534819e-02 1.725942569641830815e+01 -8.132145998554319855e-01 -5.815860320527430627e-01 -2.096907015382497297e-02 -7.257685562312519600e+00 -3.185838248084973262e-02 8.511269701527490739e-03 9.994561529921018872e-01 4.294039019575610627e-01
-6.124405704603406164e-01 7.901070755506038878e-01 -2.544320772004647971e-02 1.716021670267204868e+01 -7.898283786335640322e-01 -6.129330995506199198e-01 -2.200335838788381598e-02 -7.373427543014392960e+00 -3.297999331850107185e-02 6.620018137642411440e-03 9.994340875718462636e-01 4.143609990651646591e-01
-6.418177077392535068e-01 7.663984005222057583e-01 -2.652398366261416937e-02 1.700120912361256131e+01 -7.660991112460997510e-01 -6.423371594316811262e-01 -2.225141256583628227e-02 -7.478696810618615132e+00 -3.409078732247254606e-02 6.038649703669317359e-03 9.994004967626793912e-01 4.160753326702497645e-01
-6.716420078708318364e-01 7.403779452312084786e-01 -2.715716256259805700e-02 1.690151404562378090e+01 -7.400866455367771657e-01 -6.721671184733726268e-01 -2.152026815176582425e-02 -7.547264739333083838e+00 -3.418728362064347992e-02 5.644737231879432687e-03 9.993995029917839279e-01 4.135745575214125891e-01
-6.993413911965338237e-01 7.142361877079834720e-01 -2.807644435577551223e-02 1.675629170157836256e+01 -7.139754170873000572e-01 -6.998796573003980281e-01 -2.018834049874539127e-02 -7.645036037709768806e+00 -3.406937560790845865e-02 5.927348938901269050e-03 9.994018932242643150e-01 4.119559200858022852e-01
-7.259094300103534625e-01 6.871884393376087585e-01 -2.876713859223898120e-02 1.662544637787869561e+01 -6.869621145328795864e-01 -7.264528111265935451e-01 -1.869134566542315912e-02 -7.735605075326179580e+00 -3.374244535534224460e-02 6.193710278271083100e-03 9.994113694242379164e-01 4.041529244584216585e-01
-7.518708290319817689e-01 6.586229477169476265e-01 -3.010098322978348520e-02 1.649068362363525608e+01 -6.584773516291411166e-01 -7.524321646444702694e-01 -1.591901378571304940e-02 -7.817573950739249433e+00 -3.313357575380593278e-02 7.851773626145402279e-03 9.994200897563999542e-01 3.988902823275105591e-01
